Testing:test
Tested Model: pred_junction_outline_mix_0.0_kernel_5_nlayers_4_ds_0_lrstep_100_ws_200_fl_0_bdy_10_mrg_40_1_50
[[0.36368151 0.26922709 0.28022926 0.08686213]
 [0.17169694 0.37485899 0.31320247 0.14024161]
 [0.02562022 0.0769894  0.75966776 0.13772262]
 [0.09406451 0.10791386 0.12391962 0.67410201]]
0.5813546454603945
Reduced:
[[0.58898938 0.29699953 0.11401109]
 [0.10260962 0.75966776 0.13772262]
 [0.20197837 0.12391962 0.67410201]]
Reduced acc:0.6602398606684409
class probs[0.17650232 0.1826824  0.19527682 0.44553846]
Testing:test
Tested Model: pred_junction_outline_mix_0.0_kernel_5_nlayers_4_ds_0_lrstep_100_ws_200_fl_0_bdy_10_mrg_40_1_100
[[0.3792608  0.3702685  0.16652667 0.08394403]
 [0.14425646 0.4903607  0.225176   0.14020684]
 [0.02763065 0.13252614 0.68061169 0.15923153]
 [0.10736889 0.13436001 0.07859852 0.67967257]]
0.5922486400121734
Reduced:
[[0.69108465 0.19635589 0.11255946]
 [0.16015678 0.68061169 0.15923153]
 [0.2417289  0.07859852 0.67967257]]
Reduced acc:0.6839550050363794
class probs[0.17650232 0.1826824  0.19527682 0.44553846]
Testing:test
Tested Model: pred_junction_outline_mix_0.0_kernel_5_nlayers_4_ds_0_lrstep_100_ws_200_fl_0_bdy_10_mrg_40_1_150
[[0.4823162  0.25020494 0.18918697 0.07829189]
 [0.20010184 0.38190906 0.27836787 0.13962124]
 [0.03747136 0.07353943 0.75161047 0.13737874]
 [0.12408178 0.10930138 0.0909518  0.67566504]]
0.6027048582453552
Reduced:
[[0.65597119 0.23454464 0.10948417]
 [0.11101079 0.75161047 0.13737874]
 [0.23338315 0.0909518  0.67566504]]
Reduced acc:0.6834216946382821
class probs[0.17650232 0.1826824  0.19527682 0.44553846]
Testing:test
Tested Model: pred_junction_outline_mix_0.0_kernel_5_nlayers_4_ds_0_lrstep_100_ws_200_fl_0_bdy_10_mrg_40_1
[[0.56578756 0.25277181 0.11218864 0.06925198]
 [0.24915717 0.48313897 0.14610816 0.1215957 ]
 [0.05270913 0.20417202 0.59162445 0.1514944 ]
 [0.16164337 0.12117725 0.05492637 0.66225301]]
0.598713531734152
Reduced:
[[0.77468565 0.1294402  0.09587415]
 [0.25688115 0.59162445 0.1514944 ]
 [0.28282062 0.05492637 0.66225301]]
Reduced acc:0.6888449737926335
class probs[0.17650232 0.1826824  0.19527682 0.44553846]
